12 5
-8 15
7 7
12 -5
0 0
3 4
-3 4
-3 -4
20 21
-10 10
14 14
-14 14
5 12
0 13
13 0
9 12
15 8
8 8
-8 8
8 -8
24 7
-7 24
6 8
8 6
-6 -8
35 12
12 35
10 10
-10 -10
5 -5
40 9
-9 40
11 11
21 20
20 -21
16 12
-12 16
0 20
15 20
20 15
25 0
-25 0
7 -24
24 -7
13 13
-13 13
13 -13
33 56
56 33
0 -65
48 14
14 48
3 3
-3 -3
4 -3
-4 3
-4 -3
60 11
11 60
22 22
-22 -22
1 1
2 2
3 3
4 4
5 5
6 6
7 7
8 8
9 9
10 0
0 10
-10 0
0 -10
15 15
-15 15
-15 -15
15 -15
12 16
16 12
20 21
21 20
-20 -21
28 45
45 28
10 24
24 10
17 17
-17 -17
17 -17
-17 17
4 3
3 4
0 5
-4 3
-3 4
-5 0
0 -5
3 -4
4 -3